x y
56365.5 39254.9
-34356.1 25274.9
25406.6 58971
-9561.48 -85322.1
96509.2 -44958.4
-60637.4 19034.1
48394.2 92969.3
-58856.5 55082.1
-90971.6 14203.9
-5089.14 -86140.6
3267.66 674.982
-76972.2 -25887.1
67378 -34343
-7262.23 10201.4
-20483.7 64470
-35231.5 -64118.2
3724.88 30412.4
61156.7 -70868.5
-10616.7 -48404.8
-56190.7 -14107.5
6636.83 -16828.1
-95073.4 -44968.9
-23858.8 -53929.9
-89886.8 -14830.4
60273.9 5024.05
-971.037 -36458.4
-94301 22056.7
37654.4 73077.1
87713.7 -69607.8
-16721.5 -32769.9
94862.2 48047
3111.86 -1412.91
-21540.7 -35731.4
27718.6 67842.7
15863.8 71527.9
-46264.8 -77499.4
-45300.2 -41338.2
-22468.3 30841
4731.82 -12355.1
-83989.4 -34994.3
92668.9 15039.5
28547.3 98368
-62903.7 -33798.3
71445 -75190
-3406.04 -45276.5
-7959.96 -8543.84
-97229.5 95151.9
90043.2 -18770.2
-40579.5 17761.8
-50927.5 75284.2
-10710.3 2807.6
97784.8 43989.6
61469.4 -24683.5
-25169.5 -33798.8
62961.4 -9158.91
31206.9 55630.3
-94119.4 -40245.8
53998.3 -57023.1
25956 25443.3
-32213.2 -77450.1
80166.8 59826.9
14006.1 82937.2
54978.8 4049.33
-35833 -85600.8
-78188.9 13239.5
89683.4 11100.9
-83952.9 87468.3
-44909.6 77516.4
-37215.2 29921
-56282.4 -74253.8
-79237.9 74924.5
81376.5 -73357.3
-65321.3 35374.7
-30380.5 60634.7
-39182 37406.4
83184.6 -59015.2
-2766.75 -2809.27
-76078 -47788
-98759.9 -11911
-33388.8 -76948.8
-98671.5 -43705.3
34152.1 -82624.4
-56237 89242.5
94892 6547.77
19163.5 -61390.4
32294 39925.6
-86465.9 13670.5
66568.3 -51787.1
-50954.8 -63812.2
-91152.4 9863.22
73594.2 92032.2
50848 -29172.6
-10777 74770
23039.4 -9537
-37141 89650.7
13514.2 -35812.6
-54054.6 -52333.7
-18437 -10291.7
-63091.2 -23545
96256.1 56072.4
15064.6 28550.1
-4002.05 28598.7
-57779.5 -37433.8
76811.6 -8734.27
-1245.97 85659.2
-98871 -27651.8
77691.4 51976.9
43175.7 -33085.7
26746.9 -33784.9
57377.3 89605.9
-44134.2 -29108.4
-46206.7 1811.13
18557.8 35356.3
91519.4 55466.7
-88188.7 87775.5
11539 26875.9
16325.6 -92463
-44525.4 58546.1
-29896.8 -67713.8
-50188.1 68857.2
-82054.7 -49059.2
-58794.5 95636.7
-97082.3 84381.1
-37448.9 29664.6
-49403.8 -80071.6
19270.5 6461.98
-9180.03 73063.8
-91726.9 -90622.2
8420.12 99792.6
64844.5 20231.4
87568.1 -23616.5
-52892.7 3893.71
-16079.5 2581.86
-37560.2 54023.7
34868 12251.7
22880.9 52813.4
63192.5 64086.4
48450.1 66110.2
48467.5 -88998.8
-4225.11 99063.7
-69070.4 -84954.6
5525.66 21749.5
88109.2 13798.8
31127.4 -3470.67
13591.3 -4028.16
-83239.3 1159.42
72355.3 -36132
-94946.9 -43724.2
66449.9 -32507
-89700.5 1317.91
79744.7 33180.4
-45868.7 42937.2
-2733.18 -97418.6
9047.41 -54265.7
-86417.5 -95177.7
-55202 -55487.9
-80132.3 50323.6
66261.6 -92023.1
-35877.6 -2611
4506.25 77713.7
93360.8 21267
-21126.8 65716.2
85135 -16073.7
-78008 51584.9
51419.3 -67708.5
-47097.2 31163.9
65472 7034.07
-25898.9 -37261.2
9615.44 83148.5
8473.13 23198
87970.8 53271.1
67710.1 -92161.5
3594.76 33971.7
-84184.6 67717.2
-68639.3 20321.6
45430.9 -75278.5
-58411.4 -75695.9
90437.7 -73276.4
8230.38 -87570.3
78308.5 -40350.4
-55278.7 -68788.7
90813.5 -89806.7
38245.4 -35085.4
-27067.9 -52139.2
-51936.9 81405.2
71058.8 -63966.1
34676.3 38768.8
-56127.7 -61728.9
-27259.4 -40312.3
-94011.7 4101.26
80009.4 51419.2
28822.8 -78402
75723.3 19260.5
-51678.4 -16046.3
31690.3 -73369.9
43603.3 76411.6
-42158.5 34416.8
86604.8 96086.8
99331.5 -40463
-56052.4 -52605.4
-59057.8 -84993.6
-16571.6 75618.5
53775.2 27300.8
-86110.4 -73484.2
86988.5 -80122.1
30617 66997.9
71297.1 -40560.2
88595.9 47020.4
78700.4 -63082.5
-69025.9 10390.6
-36452.3 74577.4
-13197.8 21389.1
8994.26 -26593
17476 8325.73
32944 61423.6
55720.3 73886.2
76430 -60851.3
49504.7 30205.2
66449.5 63394.3
56721 53438
83272.3 -12662
20435.9 54569.4
46777.9 9031.78
1589.86 25478.3
45949.3 32564
-64131.1 -90503
7141.39 22671.1
30886.1 -83864.3
96078.1 -51637.9
24461.4 29022.1
-90214.3 -19818.3
2908.27 86215.7
19330.4 -47587
16420.9 -14220.1
-84192.7 -26858.1
-60782.2 99079.6
60479.9 59653.7
53649 7257.81
-31314.5 -44761.1
-67263.9 -85365.2
87802.8 -31395
-75868.2 -5055.76
91276 55018
11079.9 87354.1
-96619.9 -64458.7
16376.2 -86834.3
15722.9 -80715.5
99381.4 -64946.7
-28302.5 15802.3
20833.2 -12495.2
88944.2 60051
-13415.6 49424.1
19704.7 -59766.6
-43318.1 88390.3
-4527.73 -10582
-96974.9 -16724.9
58022.9 -72843.1
78219.4 49298.9
82174.9 -10700.7
36653.1 85555
24840.5 -46970.7
98720.7 -59436.5
-27686.2 98102.1
-24383.2 44011.3
13904.4 96449.9
-68483.9 2848.55
56500.9 18100.5
-47727.4 -23794.4
58333.9 8954.52
-35404.1 -46193.8
98372.5 -32379
37081.3 56395.4
-5222.09 15300.7
5694.33 -23047.2
-95400.1 -57652.6
-37492.2 29440.4
-4623.26 -38771.5
70003.9 67690.6
-40669.4 -54379.3
11701.9 73235
-57929.4 43218
-23916.5 98571.5
-38681.5 28356.2
-25222.9 -80347.5
-62689.3 39373
-26541.4 -64316.8
-93006 -89460
92078.6 1771.94
25840.6 -2227.11
78724.8 30440.6
40120.3 -58767.5
-40119 -64503
2461.02 -70115.1
-96812.4 61791.6
-24494.4 14889.5
35026.6 17576.1
-41892.5 -88889.9
16147.6 19426.1
39466.3 90924.7
39078.5 76777
30297.8 -87462.8
-87539.8 37291.8
-76922.9 -95461.3
-60936.2 48917.8
2311.64 -82211.5
-20641.7 -57568.1
-40979 39239.3
-22071 61482.1
69124.2 -18883.4
23273.7 -55370.2
96006.1 -41699.7
62205.9 -45886.3
-30589.6 -21646.5
73539.7 -91123.3
-30721.7 12618.3
85653.7 99576
25155.5 98113.9
36867.9 48232.6
-97347.4 75931.6
-2849.63 4964.28
93720.1 76508.7
47396.2 -47258.8
15748 -74674.8
-85776.8 -15127.8
6441.82 37496.9
29502 2447.93
95797.1 -8292.11
56561.6 -34792.4
70061.4 30101.3
-25915.7 -60660.3
-57280.4 -40262
-61084.3 67875.1
-42148.1 75783.5
16107.7 -39495.5
51715.2 -86742
65468.8 45435.3
89766.7 12865
98176.4 5514.71
38190.3 -87600.4
90386.9 -55367.9
49896.5 19888.9
47080 45693.7
-88403.2 3641.6
-89098.8 81658.2
-66257.1 -15014.5
-79002.1 -23537.5
44723.5 -40086.4
-55662.4 -97424.7
-64302.9 60445.2
-36920.1 87412.3
73703.3 -71451.3
32847.5 63470
41413.7 31024
-31015.3 -20396
43423.6 -40628.4
24236 -6679.9
79260.5 -28683.9
-60986.2 90857.4
74957.7 -50085
72515.6 -91299.4
34900.4 93513.5
-14836.9 -20376.1
-46573 29500.7
-17800.8 -10875.8
-10054 45279.1
-23463.6 -36350.8
73827.8 -90616
-72880.8 15241.5
40407.9 -3896.13
94845.5 -16168.5
55475.5 19081.5
77151.6 34736
90397.6 -83834.6
25593.4 65355.2
-33919.7 -1891
74055.8 -99019.2
-8377.53 -40781.1
-19395.3 45049.5
88719.7 62803.9
-65826.3 -21334.4
8082.98 10710.1
42314.8 -18089.3
20094.1 69434
97152.2 -39498
-34462.1 91997.7
44333.6 -78986.6
11079.2 21485.2
55749.4 1476.75
37650.6 -18657.2
-33168 -96269.1
79451.8 -59112.2
-95288.3 -28925.7
106.737 -14683.7
-83876.2 -11173.6
-51879.8 -49702.5
67492 56203.2
61007.6 9806.87
-61886 -18898.3
-20759.1 -64733.8
41603.8 44778.8
-72736.1 -14062.7
65792.2 38343
-92577.5 21541.7
-60180.2 45073.1
-97115.5 6651.78
48804 82336.3
47539.6 53515.7
-46589.4 -52353.7
-61168 -30465.5
36472.7 -13047.7
19832 3964.73
-56844.5 -19160.4
-86228.4 -18730.6
61941.4 -6987.5
16535.6 3545.14
-62208.7 43799.4
89482.5 -96416.5
-17857.5 96905
25125.2 21962.3
41978.1 28009.7
-71385.9 -9217.93
10346 76153.6
-55702.3 63756.7
-76200.1 -16870.2
-66708.8 60272.6
70082 53123.1
-35762.6 -86762.5
-66037.2 -21991
-5493.12 95904.1
71021.5 -88957.5
-550.746 -91187.2
54841.9 -11068.3
-87603.7 -63015.6
-14163.3 37521.6
58946.7 -72185.2
-34468.7 87560.8
18596.9 75877.3
63714.4 62894.6
39634 87514.3
-53975.6 72925.1
47787 -83893.6
26048.3 -87975.7
-70656.1 60011
-9966.7 23850.8
55915.1 -38945.2
34893.2 -44635.6
-30132.4 -10264.9
44296.1 -17736.1
26719.5 -69867.1
-80214.5 -14333.8
-42052.3 -14683.3
-26773 76544.6
-38806 -63058.6
39439.2 -99172
-75544.3 85463.6
73753.1 72242.7
-98430 -198.575
84267 -69086.1
-40187.5 -25699.7
54764.6 -84272.4
35355.1 -10342.2
-28908 -94777.4
79393 -84611.9
-12513.5 6112.53
-54479 7271.99
91778.8 3468.65
92588.7 -34994.3
-19986.8 -46217.3
1947.12 -80547.6
-45389.3 26402.8
-95084 -71636.1
-1354.51 -93514
28165.3 -17087.5
-62600.1 87977.8
57212.8 92164.5
-96294.7 -7432.12
-18177.7 -25202.7
-2209.49 -38784.7
-9814.56 85277.1
67327.8 35706.4
-7450.96 59106.6
-60824.9 -14862.3
-75887.7 19188.3
38920.5 26059.5
38640.7 93531.2
-47537.7 43556.7
-78104.9 51107.8
50042.7 50060.4
-65979.7 87442.5
38038.1 91233.1
79607 41743.5
-16199 -38570.7
-83459.2 81591.5
22644.6 6726.26
66868.5 -10027.5
-57567.3 -40582.4
-50920.9 -18392.3
44555.3 -26808.6
-99204 -16524.2
99250.9 39436.7
-22993 -48286.9
-17006.6 -1097.96
-97179.1 -66963.9
-51037.6 -63158.8
-79521.4 87000.6
-71925.7 -99914.4
28744 11875.2
-38485 45284.8
-6533.31 84159.6
-47988.9 -39664.8
-25867.9 -5556.23
19752.8 23211.1
76051.5 -35691.9
96402.5 76847.5
47783.9 95653.4
16284.2 -75209.2
-52633.5 99277.6
23692.9 -49812.6
-67686.3 72655.3
-12971.4 -47207.7
59655.8 15102.8
-47122.1 -11600.1
-73021.9 14392.9
-66315.3 20444.8
-1447.49 -14304.2
80780 72684.6
80139.6 532.735
-4104.3 56191.1
64840.8 -7701.79
33038.6 12624.7
-12048.4 -50677.2
37415.5 35318.1
-51399.6 -38891.6
85505.5 -19085.9
-66236.4 -27466
33706.4 93419.5
87636.9 86584.3
-18180.7 -85385
977.224 15504.1
35059.7 99529.7
-98800.1 15839.7
72214.3 81339.4
-83627.6 -31890
37530.5 81213.2
60408.2 -29430.9
-6162.12 -51640.2
19891.9 -68746.6
83677.8 68492.3
-7638.27 69183.3
-50593.6 26125.4
-58282.7 83112.8
19544.8 -70645.8
69697.1 -98635.8
-56030.8 -29325.7
16868.2 79028.9
-29795.9 18068.1
-5131.44 -57581.6
-592.472 11241
10528.4 -63062
-7545.83 -29063.4
7507.12 86292.1
19296.4 -72601
-82454.6 2974.19
95891.3 9907.16
-27842.5 -54702.3
-63967.5 13874.8
-71589.5 55577.4
43229.1 98107.6
56941.6 87198.3
-31218.1 -26190.2
66227.2 38985.9
91877.9 -38904.3
81404.3 -8714.55
72336.7 -8067.33
28223.5 -35209.2
62869.2 -64269.4
-48917.1 -17834.4
-36870.4 -31371.7
85139.8 -40979.1
78535.5 -42702.7
4318.6 -85432
71172.1 32729.1
70145.4 14401.2
30836.6 27087
1599.46 99618.5
-99103.2 -32173.4
38604.5 92774.8
28922.3 20008.8
-15939.8 1259.01
-88058.6 -87716.3
66049.9 74810.7
-51985.7 -82867.2
-43023.7 11143.9
-14238.9 -57883.9
70164.8 -35703.4
-586.644 -25516.6
-21135.4 -29414.5
-92787.5 -50989.9
84986.7 38049.1
76097.1 -13413.9
37667.6 76993.9
54412.7 -23727.9
69768.7 -16664.9
96280.8 -46171.1
84594.1 -91777.8
-33887.4 50643.9
83032.9 14126.9
67776.7 -59990.8
-74729.2 -46462.2
-17874.8 95435.6
17834.4 81538.6
-30081 96699.1
-47875.9 -22868.5
-54290.9 -62889.2
-84819.4 -78193.8
23696.9 52848.2
98800.1 -21890.4
-70879.7 68568.8
61444.7 -74598.9
-77602.3 46038.8
-66376.7 -11489.8
-3317.27 -83343.8
-97362.9 -35540.6
-43334.6 -72092.1
17997.2 38790.6
-76656.5 -64168.4
20329.3 -6737.54
-67469.3 72453.3
70393.9 -21760.2
-90435.9 85574.5
46.0261 33261
38422.7 -1153.86
-88629.4 67543
-32585.1 72815.3
92944 -10187.4
18854.1 -73432.7
78322.8 -84463.1
-56776.4 80960
-20003.7 -111.038
-91132.2 97993.5
-61320.4 -67788.7
-66174.8 59008.9
25473.8 -33644.1
31462.2 -4132.28
44595.7 41026.3
-18557.8 -55358.3
-25712.7 -80135.1
43487.8 -14342.1
87407.9 -89097.2
-41526.8 80351.9
715.369 77327.3
-93080.8 -20961.8
92864.2 -49857.2
-40001.8 -27139.5
50031.8 -31134
-29146 88711.4
1077.33 4679.14
47720.2 -73448.9
71035 -20817.6
22418.8 15630.7
-79791.3 -96138.9
60272.4 -5504.01
-76274 3760.24
80153.9 -88866.2
14663 -61372.9
91485.7 -84621.6
-84045.6 98405
-5583.41 -91181.5
-51452.2 54414.8
-18321 98579.6
-76719.2 52533
87290.9 24358.1
-42787.9 35011.2
50909.2 -71752.9
-85806.4 -26672
43877.8 -65597.6
-22810.9 4150.18
28898.3 915.049
-92089.6 9052.22
12048.9 22573.4
47679.3 3534.63
37951.8 63633.7
1939.62 -67631.6
72452.2 50487.4
86783.2 -45868.8
49067 -89936.1
-93335.8 36357.9
34422 -36123.7
-28630.9 -14668.8
-7876.58 -14437.2
58659.2 -63998.8
19965.1 -64151.7
40151.4 -51136.5
36763.4 48061.8
57915.7 -51187.7
-29364.7 5594.96
52346.9 -91412.9
-30771.4 -45713.5
-59044.5 -58319.2
-95226.1 -72261.4
-4187.94 53840.9
-62197.5 2476.25
-9801.18 72224.5
66352.6 61567.9
-42444.2 -41524
-52869.3 -83785
-5522.79 67095.8
-47936.7 -65371.4
-84040.7 88826.7
82690.4 73874.9
-62361.1 -46674.3
-20530.1 89985.8
-38087.3 48698.5
-55727.7 2868.2
90379.4 -50953.7
30606.8 -13808.6
-97112.9 68409.4
88667.7 -6914.03
40633.9 55020.2
-45346.1 98189.6
-86503.8 1784.6
-85595.4 7973.42
-31119.6 -33532.1
42602 -15160.3
-44705.4 25292.5
-41285.4 -7066.42
78618.1 38184.5
-17080.6 -59469.1
-13117 27191.8
43399.1 -22737.6
76238 -25994.1
63453.8 79125.2
-57584.8 52121.5
-27788.9 83049.1
7141.7 26865
81238.8 20637.9
-71350.4 95643.4
-71388.7 -2469.97
-37888.6 71213.4
82369.7 17406
-3494.17 -58915.7
-89660.4 -24876
79268.8 -6741.01
15654.8 -33848.2
-79549.3 -40946.1
43414.2 96688.8
33059.8 6867.95
75813.9 75475.1
-41010.6 -51975
58524.2 66131.1
74890.1 39763
-13231 -96460.3
35406.4 15380.4
1069.73 97517.7
-13406.2 -16560.6
14923.7 83099.6
24523.7 25263.3
-41776.4 3792.48
-81477.7 73878.4
69944.3 -61027
-67067.7 13358.4
-64338.2 65992.1
-79773.6 -88524.3
41467.2 -20784.2
-40499.3 -8.63145
-54653.1 -65609.2
-60245.7 32116
-62069.5 75160.7
-52503.7 39000.2
72678.5 34090.1
-77560.4 -12397.8
17189.7 46963.3
-87134.5 75413.3
-49244.2 -68612.2
49291.7 -79299.9
-29639.2 82224
34058.5 6022.64
48216.1 54284.9
17498.3 -10316.7
-66499.3 76999.1
89674.7 -21152.4
-88610.1 -70571
-89036.4 -50679.7
-95410.3 -41540.1
88320.6 77268.2
92550 -89239.8
-35129.6 9739.74
57723.5 -22264.1
-14847 -91520.7
9123.66 -65555.3
-70820.6 79484.5
-83331.3 63237.9
-14492.9 64884.8
17522.8 -96994.5
-45431.9 51023.5
80004.6 -55757.2
-70128.9 91394.4
-26328.2 -59165.3
-59285.2 -21738.5
-705.391 -70964.7
-44470.3 -8155.36
-60204.5 20400.1
-98415.6 97519
98135.9 -13262.6
-94001.7 7259.59
21182.1 -64822.3
-13255.9 37850.8
98415.6 72251.2
2735.58 15938.4
75256.7 57303.7
-33038.1 55261.3
-98453.5 -3166.98
46655.8 -24781.7
37667.7 87370.5
53479.8 -63037.7
-83594.1 -90990.4
28807 -43798.6
29409.6 30391.3
-46279.6 27545.5
-82871.3 -40281.3
-65194.9 38310.8
-5103.55 21549.2
-23838.4 -6687.92
-6199.53 78897.2
-90749.5 -30942.8
36200.9 -23787.6
-75681.5 37747.4
73045.4 70974.3
-87034.3 10713.1
58344.8 66445.5
47675.5 74750.7
75455.1 -23517.6
-69047.9 4864.7
-93126.3 -15327.5
-67589.8 -75997.5
44391.2 -32784.6
62313.3 -60712.3
88764.6 -61525.1
32599.7 -17434.9
-82627.9 41850.3
51622.3 53572.9
-81937.3 75940.8
-8679.71 91108.1
46915.1 4285.98
1821.26 5259.93
-29268.5 -50503.3
-19989.4 -53813.4
25979.1 10962.7
51051.3 32852.9
95635.2 83461.5
56855.4 40026.4
-49323.1 19168.7
79314.1 -60558.5
57643.5 11913.8
22006.6 75015.6
-46235.9 -26371.1
28588.5 -28173.2
-50430.3 -80091.2
-37065.1 96484.8
24194.8 64756.1
1744.77 94926.3
-85747.1 81755.4
-58887.1 40232
-7281.88 92164.1
-26915.2 -11646.7
75625.6 -70059.8
-71620.2 -73697.5
49108.9 -92306.1
-34255.9 6752.39
19607.7 87750.6
-18232 73371.8
-38620.5 -89643.5
-54801.4 10949.3
-69734.7 8133.46
7434.1 54460.1
-27110.4 -90821.1
49386.3 -12857.5
90934.3 90499.2
-72625.6 -16347.6
82663.3 459.286
72005.7 58289
30399.5 -99614.5
84591.5 -20491.7
-91920.7 -49664.5
86260.7 27687
-61913.8 -31971.3
1058.84 -534.259
-21614.8 46257.4
-89585 8650.46
-45609.1 17849.1
-36889.5 27280.5
27028 -87503.1
-85577.1 17962.3
-97004 -58202.6
-98385.3 85659.4
42256.7 73620.4
43948.3 -27343.9
74005.9 28539.8
52164.5 82085.2
78875.4 38425.2
9772.24 -83038.4
-93546.1 -89168.9
16427.3 -15160.9
57088.5 26842.3
93489.5 -88520.7
-55308.6 -43399.9
38759.8 71719.4
-30903.1 53182.7
-10318.3 -27907.1
94980.1 -8703.69
-42247.7 37236.8
-35083.3 -98299.4
-90107.1 -61077.4
30240.4 62057.4
-78992.2 9115.79
482.593 30780
26077.3 6936.49
41611.1 -57495.4
91775.6 -1300.45
69347 85265.1
10178.9 -85961.6
-58134.8 -51061.3
85757.8 10962.1
-97878.5 -24560.6
83055 97101.6
66735.7 -59192.7
34338.4 -68347.6
-57492.1 44231.3
-29425 72748.4
6288.65 -8417.26
-18135.8 -93228.8
-77637.3 -92058.5
13707.7 63973.8
-49553.9 5483.31
-37326.6 -80206.9
-9251.59 72852.3
-66168.5 32613.6
-78209 -80410.8
-56424.4 -76087.6
-4971.32 -73369.4
-78986 -38235.6
-32562.1 55352.4
-6583.15 9945.86
-416.359 63991.8
-17305.8 -94127.7
-44425.4 64558.4
-87356.5 -22062.7
72499.9 26351.3
-58088.9 -77054
-68165.4 4584.48
-57260.9 22583
-22563.3 -23429.4
-44803.5 -772.283
-3840.15 -1227.83
23140.2 91188.5
25402.8 44154.2
-47047 92840.7
-493.426 46369.8
2786.58 99090.2
10361.6 85480.8
-95037.5 65936.2
50039.2 -82394
-56126.5 22539.1
43957.3 -14215.4
45485.1 75791.9
90369.1 88224.2
-1625.11 -32194.1
-35205.2 53571.4
67033.6 60954.7
-47656.4 -9826.26
52143.2 77746.4
-65672.1 -94903.9
70587.1 33834.5
51465.9 -26626.3
32924.7 -38172.4
-41145.5 37887.2
-72236.2 -91106.3
55493.3 -28362.7
31432.7 -549.408
57422 -23082.2
-24757.5 47791.1
-34858 73617.4
-84403 29936.8
27188.8 82630.5
-9108.53 79532.4
-27195.7 -56965.3
57278.8 7132.21
-51869.2 27865.9
-59033.3 99596.7
-98760.4 73891.4
-38575.7 -39905.9
11778.7 -10811.8
-31012.2 -32728.1
60825.5 -99579.5
66722.5 18247.5
-22661.7 -58035
-33961.4 42480.3
-84417.6 -18364.5
-27582.9 42771.2
-35733.9 63308.6
22303.6 37070.4
-93656.8 -20417.6
-55797.4 -45526
-92551.6 -14830.7
-45929.2 -91312
-40939.3 15495.1
-31217.9 70839.4
-95316.7 37769.8
-61888.7 65508.8
38190.3 -95166.1
-16243.8 -84471.4
-53201.1 49794.8
58008.8 -37618.7
-68569.6 -69574.1
-94847.5 -4303.56
93734.5 27456.1
-67233.2 -99922.3
-92961.5 -23030.6
-45448.2 -85513.1
62138.6 8622.54
-76825.1 -78800.7
-75882.3 -8043.08
92038.7 -71199.1
